0.3702598810195923
5.738768100738525
5.56671667098999
5.806739807128906
5.669925689697266
5.739940643310547
5.761680603027344
5.654447555541992
5.599478721618652
5.635535717010498
5.7935791015625
5.619657516479492
5.452115058898926
5.658082008361816
5.635701656341553
5.853562831878662
5.623015880584717
5.609368324279785
5.689400672912598
5.556881904602051
5.5385284423828125
5.547618865966797
5.692021369934082
5.599025726318359
5.627362251281738
5.546478748321533
5.662179946899414
5.827427864074707
5.4707536697387695
5.545803070068359
5.822518348693848
5.61813497543335
5.744111061096191
5.605471134185791
5.806728839874268
5.553399085998535
5.755312442779541
5.6509809494018555
5.139477252960205
0.4044046401977539
-1.4545981884002686
-1.165738821029663
-1.557647943496704
-1.1063207387924194
-1.8560922145843506
-2.0812199115753174
-1.4869385957717896
-2.2025346755981445
-2.1297190189361572
-2.1199893951416016
-2.124940872192383
-2.035487174987793
-2.1499557495117188
-2.1425294876098633
-2.132361650466919
-2.16904878616333
-1.5073968172073364
-2.0466532707214355
-2.183398485183716
-2.121023416519165
-1.9548901319503784
-2.1361613273620605
-2.130175828933716
-1.9465281963348389
-2.092738389968872
-2.116532564163208
-2.208624839782715
-2.0368711948394775
-2.0310823917388916
-2.162832736968994
-2.062504291534424
-1.924403190612793
-1.9704623222351074
-2.0534679889678955
-2.168426036834717
-2.0358762741088867
-2.1478514671325684
-1.9626294374465942
-2.196241855621338
-2.184616804122925
-2.086726665496826
-2.1060714721679688
-2.0566482543945312
-1.9277570247650146
-2.192276954650879
-1.9739575386047363
-2.0626375675201416
-1.893876552581787
-2.1602537631988525
-1.8901805877685547
-2.029534101486206
-2.026512861251831
-2.3517098426818848
-2.1422319412231445
-2.117534875869751
-1.7943789958953857
-2.044353723526001
-2.0533413887023926
-2.1889214515686035
-2.106529712677002
-2.267989158630371
-2.0157577991485596
-2.1303277015686035
-2.2294812202453613
-2.0147156715393066
